72 774 -606 -506 -175 322 -352 233 -738 -189 816 232 537 495 86 -184 641 -654 -336 -173 142 -538 -499 -912 -500 -229 -23 299 -258 266 -865 853 -441 -444 -599 114 -756 780 62 609 -773 924 419 37 713 -362 842 -629
209 690 307 46 -782 624 -903 -270 205 579 -167 -911 -819 -465 -862 -138 -334 -691 -235 -88 42 826 -620 988 626 635 619 101 -579 268 932 -837
-689 247 807 609 672 546 868 -191 -733 50 114 -472 -794 784 475 -276 300 -881 988 325 -969 -116 -280 723 -839 431 140 -424 420 -494
792 -919 -855 580 458 -277 446 -782 682 813 420 909 809 -115 -315 -793 932 -400 257 933 232 440 546 -954 202 -428
403 88 -245 -42 657 -63 -332 -827 128 -650 359 -273 -935 -569 310 705 -822 112 287 423 -424 -775 -853 -899 -172 -112 629 -271 141 -731 -673 303 -422 -954 436 243 -885 315 -508 191 335 871 -77
-815 -209 757 -145 -364 885 680 -247 -708 160 -321 -573 904 754 -631 -146 -869 451 727 -536 -479 -298 894 730 -169 859 -710 -786 -539 837 -903 128 891 552 -446 509 661 882 27 -183 -954 356 801 -192 97 932 381 574 519 236 963 742 768 -410 699
-578 -318 -911 -946 -838 757 784 285 -961 -430 -504 -455 656 424 221 -637 673 -485 136 -495 -902 229 -327 36 -228 -431 -56 910 -509 272 -77 -989 -851 -996 -642 -76 599 -282 -286 759 947 -676 465 -671 913 841 -276
65 -939 564 841 -638 -872 -180 -384 -202 649 -80 -690 878 676 222 754 604 311 277 228 -890 -877 791 -644 199 953 -451 43 225 -58 123 992 -91 -53 936 -711 796
385 726 723 -960 -765 39 821 -257 -652 879 -16 -740 -214 28 -421 366 623 -934 -276 -913 883 -347 985 53 756 -526 -267 -981 -682 780 -689 376 570 -941 897 -914 147 383 -547 768 -969 89 -398 -643 841 331 -983 -188 -697 913 -160 317 -454 -235 -741 -696 -777 -679 4 -581 -584 15 -197 -481 578 846 -921 85 324 258 -192
-270 -304 -972 -358 -903 802 -451 528 -724 431 159 636 938 -486 872 869 84 -563 275 -196 -65 919 713 84 -445 -304 -979 -857 -786 396 -195 951 861 -97 -771 162 161 224 960 -319 -91 -736 -137 -864 877 -127 295 -578 -194 604 -657 -30 -865 -458 -886 -861 -942 -715 -292 829 797 953 537 -296 844 -788
-852 520 490 19 365 708 -776 459 -871 -92 773 -32 125 -784 -619 -695 761 -95 -460 774 -601 867 -35 547 -602 -672 866 707 -651 940 -498 -978 -105 162
105 135 -213 -74 -235 -681 162 -466 -458 202 908 691 -886 696 -791 177 -260 557 372 -589 -841 -827 -779 -178 905 -747 -45 -881 -381 -297 -523 188 297 221 -504 -819 -371 -710 194 663 940 148 959
549 -587 514 900 -538 496 -690 -302 -100 -867 362 463 -584 984 482 -973 929 -869 201 636 -519 -978 412 436 -621 244 886 941 -975 36 -340 305 248 501 -63 99 -152 930 262 279 -525 912 -312 -811 366 -127 174 713 95 -105 -334 -336 407 500 486 670 -569 283 225 -275 963
-309 250 357 588 -65 88 -16 -166 -623 426 -44 905 -311 -498 499 833 323 236 -561 -283 188 891 42 32 -389 249 794 470 -280 547 894 -158 -574 401 367 964 175 230 -755 763 -865 -345 -180 -960 565 6 46 -467 -584 -54 850 96 898 316 852 153
13 -83 -95 762 456 -902 -108 -222 721 606 -529 -478 -194 394 151 699 866 -649 -915 -943 921 -418 230 -769 -363 -532 -286 973 -342 623 74 531 -819 304 -737 196 239 868 -389 469 445 91 -327 250 -799 -324 316 155 918 -489 213 67 12 568 945 -210 819 -399 38 219 389 -569 146 -88
-278 663 405 -106 2 -994 432 -414 788 -585 440 -973 -256 507 -613 941 -549 567 -28 560 658 439 -487 -324 -521 646 979 -280 -665 -651 -763 -691 -71 966 911 293 -450 279 -296 -171 35 -250 -41 731 191 167 -232 191 657 -677 525 -601
-304 -957 121 -527 -345 846 772 -717 -89 148 990 -235 -670 -792 -120 406 -385 165 648 479 291 986 -712 885 -375 401 105 -410 -998 798 432 340 715 853 220 19 -853 908 -713 -744 102 722 -878
440 892 -311 920 837 47 636 -788 457 843 -620 967 -348 958 -908 -583 384 -173 -970 333 517 645 342 381 310 499 83 591 818 -30 100 -261 -290 -147 -138 583 209 -644 790 173 679 482 43 838 845 908 -946 855 442 -358 -45
-346 536 -252 43 270 327 -146 125 433 344 -213 -208 -131 -306 194 841 -339 -446 -650 119 -439 -130 529 -73 893 659
-140 722 -192 674 -892 -683 -620 -151 -251 918 688 973 -163 -681 288 -726 720 -741 361 -77 376 175 7 93 371 818 -357 -159 -91 -663 101 587 -415
687 205 635 -361 -325 931 185 -593 -562 -387 -35 -734 -58 285 -384 -255 94 -148 190 750 -412 966 -457 754 936 -125 -903 -661 776 573 188 -632 -253 609
-180 804 -900 596 -88 -255 374 210 354 249 -380 -312 -765 664 -940 -651 -754 895 -399 -460 209 251 998 999 972 502 -35 -929 183 205 326 -205 -752 893 -68 -730 -260 596 -725 -714 -694 236 800 -981 -268 756 181 896 -236 -696 15 -459 372 -706 119 770 965 474 487 939
658 743 426 92 -917 555 -969 167 -131 600 678 193 770 -593 159 -110 136 766 -72 -972 318 -262 905 662 606 514 -539 -960 988 -208 79 -563 548 877 592
360 279 -23 -524 -241 645 -965 685 986 947 102 603 980 337 243 127 152 462 657 -210 -346 -585 228 781 -278 621 -828 340 45 -765 -924 -966 -532 -569 323 697 569 64 -925 -281 319 169 -698 -620 -258 137 179 150 509 336 735 195
-539 702 373 536 -292 560 845 -841 219 524 -922 267 434 -77 482 -343 -258 -508 -635 -193 -950 639 -687 -539 710 -832 -585 -264 -613 294 178 194 -262 197 110 -955 662 -938 644 -768 -578 715 -93 727 -835 -61 595 -674 182 238 159 -134 797 227 -360 -224 -468 979 267 -719 67 -373 -537 -668 -77 27
620 -74 590 -742 -63 897 23 839 71 -757 -386 -254 945 174 -753 -350 -594 734 399 987 714 -458 -211 51 437 -753 100 399 290 435 391 673 -618 -390 995 276 410 -563 303 186 -245 294 -727 -180 -544 354 746 -420 265 -100 -452 -421 931 994 659 -854 -713 -308 -232 -653 238 -583 669 -760 937 -292 512 -846
-952 580 -866 -339 3 296 351 -686 -615 935 581 610 129 -568 454 -755 -390 -800 -701 35 702 -230 -733 426 -542 -858 202 907 239 478 300 -955 546
-490 369 -869 -478 150 -576 703 990 743 -625 -249 228 -122 699 573 853 430 -481 373 259 809 846 601 66 339 -940 376 -846 67
815 -973 244 322 264 789 361 756 -244 541 701 -788 434 -704 891 657 584 621 -276 604 995 -438 861 459 -101 415 612 -750 94 -98 143 -393 618 -936 -380 324 195 961 -607 -235 585 813 -42 623 361 596 234 754 919
-59 -889 -949 -283 665 -125 158 -982 488 -411 610 723 -962 802 -235 721 346 -367 -72 143 838 -508 -495 -110 -536 866 -409 895 -839 -117 -526 772 829 -371 535 -161 -326 729 -413 -467 831 -893 726 384 -858 -22 4 -77 550 560 85 -212 -38 -959 -325 397 258 -881 244 -831 616 -111 -585 -238 325 -293 -181
-684 732 93 -467 -205 -815 -554 465 381 -168 -414 -809 451 176 416 -86 130 490 -647 -807 -52 -776 -640 590 -172 518 -640 -925 -48 -612 895 530 527 -429 391 -776 729 779 89 913 60 717 -817 701 621 157 -931 -232 202 368 938 -49 198 -679
-472 671 697 -411 -281 -869 964 -532 857 416 824 -282 -902 -666 601 872 -84 -342 586 199 430 -292 983 -65 -82 4 726 -705 551 374 -383 303 -861 636 550 -894 -503 381 -140 314 -755 713 16 845 -384 879 616 292 -345 554 626 502 391 -908 299 -337 -851 -725 763 227 190 301 -900 -204 234 479
-319 570 820 -467 522 44 423 -956 362 280 352 -48 -541 321 607 -687 359 799 670 401 211 -295 -192 549 -863 -257 -602 516 -39 -620 733 581 93 385 -440 -201 -57 -744 373 288 761 -953 -831 631 54 370 -426 -56 918 -791
-453 -159 -615 -457 -24 -925 -781 507 -611 464 6 -421 -647 183 -403 479 -805 -23 905 24 751 876 -842 -26 431 18 274 154 677 97 615 387 -519 979 114 221 -833 -885 83 429 -505 514 -675 446 -880 -485 -838
476 30 521 888 -902 -805 -260 646 -82 545 -601 43 16 593 -388 721 -848 -79 -776 778 136 114 -808 350 596 132 -174 656 803 -702 330 -75 -548 690 -246 -376 -366 924 -390 -313
-735 563 721 -637 558 673 -982 395 -83 -904 -999 -424 -819 -876 -984 -323 588 -629 -363 652 287 745 921 -381 -696 -757 -124 -827 -648 308 -598
-876 810 147 303 -247 603 -169 -360 116 -964 -710 -995 410 -955 546 -379 -710 -721 132 899 -45 -125 113 -360 -140 680 -669 -80 930 41 848 488 887
43 -233 984 -114 -196 681 -767 131 544 797 -473 -984 -737 851 -829 165 924 461 -975 -886 745 980 -226 -112 -502 339 525 -750
-515 -411 -422 -888 -100 846 -731 257 712 619 -523 526 -260 234 -558 -107 -120 351 -661 638 362 967 890 -217 -758 840 694 -224 366 -225 -537 -234 445 168 912 129 83 -269 -217 88 197 671 947 263 -965
615 -423 -360 613 58 391 -90 -60 -260 743 -789 712 -74 407 651 -806 313 832 422 -165 -246 863 -526 42 20 -9 170 165 -529 994 335 332 -557 602 -493 553 428 -740 -89 76 -695 -2 627 434 168 117 -171 -695
975 -595 764 341 -24 -102 -710 -487 -142 939 -542 14 -996 -922 53 233 -760 560 -671 351 -589 -381 939 -530 -3 -66 -742 916 476 425 -106 35 558 791 -178 -211 -475 -640 747 514 -251 462 -195 439 -433 -198 -646
-46 -627 -576 832 213 -104 -129 -551 -19 930 -61 452 -595 619 503 -877 -58 667 469 -999 299 -406 748 18 977 -48 -491 -729 954 306 -257 -149 155 -385 166 -114 856 -440 -233 884 -270 -812 -351 -726 351
385 -40 494 -505 154 -116 -114 -611 -208 445 -178 -855 -260 -514 -259 500 -824 -441 932 -720 694 -265 323 -39 239 -999 18 -599 215 923 897 -949 -218 -541 245 130 83 577 425
145 -361 769 -712 894 246 -723 -617 828 -993 540 454 499 -380 -943 -276 -687 690 -179 -362 453 -470 -767 -840 175 910 451 221 -596 619 671 -330 -868 669 292 996 -478 172 460 -844
-676 315 -241 -319 225 235 -401 -184 -973 281 179 -494 49 -647 -465 901 317 74 367 -982 216 336 -257 -824 -179 -175 -933 -653 -904 631 221 239 -385 911 -397 117 267 -154 196 -615 -378 -242 -21 914 951 -466 -648 -745 382 889 267 -470 -488 903 -806 -365 942 -956 -170 105 -973 335 677 -423 -615 620 454 832
1 31 -810 -243 -669 706 -514 787 680 684 -910 597 -133 626 -128 163 -849 -178 551 -734 713 -475 -24 -478 -245 -436 914 -822 848 -770 478 -860 922 147 -725 728 65
-989 723 -683 -85 -673 -824 741 530 193 -623 941 -533 94 -811 -948 -375 475 4 212 -64 369 -229 416 198 503 155 786 -615 -453 -307 -823 21 -344 236 863
-917 -661 580 376 49 -1 284 504 -101 -238 911 448 -952 -907 -22 -44 -626 483 -265 -300 430 -724 65 -692 -422 339 62 317 310 757 -648 553 -393 399 -414 857 348 507 -719 549 -489 743 913 63 718 -411 -865 278 335
278 -769 -121 -299 323 -563 656 811 827 850 922 -798 -692 -217 417 510 -509 -361 75 -27 938 744 362 -717 -590 -842 338 829 194 -640 260 -160 484 856 7 -332 609 624 984 30 -250 398 136 -404 882 779
-271 -637 -721 -898 367 -883 -347 -576 -475 360 -350 -979 -237 160 -836 394 624 148 -672 -941 -640 -305 -819 854 117 393 219 -584 448 205 -183 387 -416 -64 -887 -974 669 534 387 -701 35 894 -263 -772 772 526 123 -627 -764 -95 -620 915 388 -900 -90 -654 -954 -439 -986
-695 -905 -901 -411 -75 835 443 98 -545 544 -365 660 704 6 -366 108 -543 225 -400 -588 259 -613 649 -915 952 -689 -813 -491 34 -167 987 89 62 769 -125 181 -625 28 775 730 900 -266 -976 -304 821 327
17 -802 437 532 -809 -951 -1000 -27 -265 87 -432 -585 -180 -279 740 873 6 631 -352 202 709 803 -392 252 378 863 828 -740 176 -265 537 23 -940 710 504 71 331 -962 -711 -980 891 -331 -427 113 511 -433 753 -304 481 -913 -118 752 417 689 -984 540
274 -514 997 379 -111 -751 -351 767 197 -929 534 755 -182 809 460 448 91 351 -988 -295 -881 -594 629 669 375 -932 907 550 -937 -814 -490 574 925 655 351 -224 -819 474 744 -539 216 -47 131 -603 673 108 -196 -255 -325 -850 870 -402 -590 -991 357 260 131 778 -637 353 882
166 138 770 -867 -17 -158 -797 683 12 456 -34 -679 -349 -573 -939 612 -105 -232 52 461 -999 -811 -506 -765 -762 -795 840 431 286 100 323 576 567 -807 732 974 548 900 -921 86 201 -294 -884 401 -867 679 25 -37 -728 52 812 770 850 738
572 -625 -634 -703 -45 -883 -163 55 -179 -462 -875 269 647 422 -901 138 908 -556 -602 -991 -66 -207 369 91 -747 207 410 -536 642 -657 -876 -145 -706 501 42 721 968 522 -374 -717 -707 -685
279 -379 -190 -314 -831 661 361 -161 -979 -4 -608 -237 -440 735 -216 469 -872 -205 30 -793 -688 383 -809 -833 -74 -210 481 -446 -79 -986 474 -838 -182 -47 -767 -605 98 468 1 8 949 -606 -971 218 -36 123 794 -897 -984 -873 898 805 978 117
971 -672 -950 -6 98 -158 787 -701 -198 999 445 -349 536 -987 396 364 588 -309 738 -293 688 783 982 615 37 -535 310 279 475 579 -305 898 -635 825
96 -330 727 770 -424 -352 -339 -467 222 140 261 -769 -797 186 -695 823 -182 -695 839 8 778 872 -215 919 -76 -9 -986 35 203 -216 662 690 831 159 -371 -372 600 -729 893 517 917 48 556 288 -835 -461 572 910 456 138 -344 -327 -513 -486 -660 -750 672 133 -782
798 -204 -752 -715 234 411 -290 -619 -518 -522 517 -588 -243 -531 199 -971 505 -401 851 -307 -155 997 -706 507 158 -593 471 50 -883 993 138 -759 -883 535 -944 -112 -171 346 784 862 -943 951 -883 955 636 -127 -663 653 788 132 -375 -423 -855 -948 -209 -97 972 86 210 -942 872 974 -29 -770 962 -165 769 453 -69 -750 -300 723 97 -844
-146 440 -938 94 -456 -21 933 211 702 -266 596 358 -768 -107 901 299 -226 -576 -50 751 538 584 604 39 -797 668 -836 151 -803 -986 -235 -603 -393 357 -194 913 -236 571 254
790 -143 -11 -366 944 466 -234 -978 -785 -658 851 -179 -319 -355 909 328 -334 -575 -163 41 691 570 844 897 -753 669 796 -419 620 -660 621 -903 -541 -741 -702 736 229 941 987 782 245 356 -72 -9 339 853 389 -366 39 631 566 847 308 919 -51 257 935 -621 682 903 -610 113 -854 -256 18 -761 -877 157
738 -790 362 762 965 379 -337 83 130 169 14 -770 -112 139 -635 23 -883 790 380 -558 -986 -382 111 509 -387 -345 302 652 -997 -552 -121 -218 143 -896 -214 -172 824 -961 394 319 -931 -976 598 -908 768 469 873 -278 326 28 340 56 -102 -8 -395 487 -653 136 126 472 -419 -423 990 -722 789 -275 624 572 -281 927 278 -243 -142 -429 -331
-974 -302 28 -163 684 892 -973 904 -955 -559 -317 -397 796 -731 685 456 411 419 -955 -73 -711 -738 315 -836 119 565 -640 186 -799 -657 717 -856 337 497 -790 909 -277 325 131 464 139 658 -499 140 436 192 244 340 -124 -968 211 -990 -939 293 30 143 -236 -685
-806 -830 77 577 886 537 563 -148 439 -674 340 -342 -24 583 -288 325 885 -561 -461 -289 -720 -457 -118 -505 55 -412 -47 796 -732 703 -142 550 106 -924 773 7 -548 -237 917 -761 -619 49 -729 828 -855 -265 -323 -169 744 16 848 -824 744 -827 237 197 101
647 -238 217 281 -623 11 461 360 85 -262 380 835 229 363 81 437 435 -869 725 -319 587 -186 592 -749 84 -971 991 -292 -124 737 254 452 -394 -657 -627 281 472 527 706 -946 -174 709 -813 -362 -64 365 -810 968 -369 805 212 734 661 -497 403 719 818 -559 -724 -286 -251 912 -628 -742 497 -389 -132 963 306 -995 276 993 658 153 665
-92 -655 377 -394 -155 -262 -888 -186 -378 -687 -341 -472 798 -693 206 842 -282 727 -321 317 594 -868 364 -549 258 -574 470 -342 770 920 397 -499 -954 -808 -751 636 979 603 -129 323 139 -972 709 -999 244 320 365 256
698 -286 579 -238 853 672 -808 43 -128 -420 299 -702 451 -436 350 225 23 178 482 -427 -882 -223 620 -793 32 635 -199 -425 837 721 934 -430 -966 -682 -370 -520 932 905 -53 766 340 612 -634 416 -982 888 -323 -395 -826 -265 467 -596 -609 -87 -78 343 -163 -999 -552 -611 65 485 -364 -161 488 68 410 -726 -850 858 -852 -784 -135
-359 743 -652 -878 -803 535 131 -4 -729 256 -834 -783 660 359 -530 -680 -673 1 136 -869 250 326 -614 266 848
630 634 -330 97 -471 -365 707 399 -544 497 -825 781 -225 965 218 222 -229 504 15 653 636 645 300 496 182 718 -484 -488 146 -699 494 387 -559 767 -432 -646 607 258 -22 59 -184 511 -56 -945 -891 -912 -323 -305 -684 349 765 -41 -156 284 -218 154 -296 -831 -757 150 312 -310 154 -335 912 376 822 -458 477 95 454 -356
-781 -414 -299 675 -75 347 684 87 242 392 663 -321 369 -446 -533 -714 -561 515 -548 -272 838 80 208 197 -690 -560 459 -247 -492 -78 750 909 -102 -394 -215 -990 21 850 -275 -692 -708 -79 491 -724 -703 -355 44 883 689 658 -93 310 -849 -766 -84 460 410 293 900 -285 -921 -872 111 -695