100 867 N/A -838 631 N/A -888 N/A 925 -669 -142 923 996 -510 769 N/A 567 N/A -790 -619 -399 N/A 700 -398 681 952 N/A -940 N/A -312 -404 N/A 242 104 -309 603 -755 402 -366 N/A 239 N/A -468 941 N/A 787 688 -311 N/A -534 -539 930 -853
-139 N/A -236 -518 N/A 965 103 262 872 N/A 974 N/A -137 N/A 445 129 974 735 N/A -846 -624 N/A -172 -501 -52 -896 N/A -598 -973 211 N/A -751 162 723 -304 N/A -113 N/A 245 195 -295 927 -919 -858 307 -570 -228 N/A 381 -710
-628 -717 N/A -367 -333 388 -985 -693 N/A 908 92 73 N/A 991 660 N/A 18 -592 N/A 18 -378 -77 N/A -4 647 423 N/A 151 -328 307
739 N/A 604 N/A 110 529 445 -698 N/A 276 -22 863 922 -691 N/A 262 -898 86 -388 N/A -429 -978 784 N/A 475 -855
879 -937 951 69 N/A 495 -702 N/A -774 -293 N/A -785 194 N/A 185 -630 -903 906 N/A -440 -518 N/A 139 -648 511 429 122
-447 -801 485 -795 -50 N/A -248 N/A -403 -575 309 166 -941 N/A 547 321 -216 N/A -736 -58 N/A -210 -307 -994 -421 N/A -540 N/A 879 N/A 121 -372 N/A 67 824 642
-108 -765 N/A 815 N/A -273 217 -91 -290 N/A 739 N/A 593 446 N/A 765 98 -208 -580 N/A 152 N/A -134 808 -71 447 -227 285 N/A -72 843 -950 N/A -639 948 N/A -686 -76 352 N/A 279 N/A -764 -597 -193 -951 -674 402 -224 N/A -938 -785 -203 250 97
-860 -41 532 N/A 733 N/A -950 -553 -552 241 N/A -197 307 477 N/A -775 572 -803 N/A 63 N/A -265 714 703 301 246 -641 N/A 584 -500 -163 N/A -348 N/A 656 188 N/A -889 101 N/A -646 N/A -396 188 -11 -624 -871 N/A -357 -495 520 531 -865
-242 29 N/A 637 N/A -427 565 -137 993 -946 N/A 433 N/A -240 532 63 791 N/A 414 777 246 N/A -983 N/A -743 -743 -768 140 -583 -150 -661
-613 163 N/A -540 -135 N/A -618 642 N/A 252 N/A 370 316 516 515 386 690 -331 N/A -815 -563 814 594 102 -316 N/A -791 N/A -662 762 N/A -92 447 41 -792 -701 -84 949 N/A -235 -394 -339 N/A 640 257 N/A 283
-760 206 N/A 165 N/A -967 N/A 420 584 240 -669 N/A -594 798 -213 N/A -761 -118 -293 N/A -325 -898 N/A 217 -613 -654 454 -432 637
605 N/A 631 649 -18 -566 62 -190 817 -14 -849 N/A 425 421 N/A 728 -302 -232 892 N/A -971 -394 740 -794 N/A 666 -779 N/A 192 N/A 452 963 N/A 119 -576 N/A 610 181 N/A 699 455 N/A 532 -747 N/A 83 -655 -761 -631 462 -647 -445 N/A -390 N/A -893 -559 953 -616 N/A 994 -783 N/A 206 -987
267 N/A 831 -942 10 692 N/A -134 N/A -661 N/A -702 140 -319 N/A -302 N/A -317 12 -498 -400 N/A 168 154 -135 N/A 223 -70 -882 N/A 289 -555 N/A 495 184 214 N/A -682 -34 827 N/A -679 528 428 N/A 270 553 420 -620 -525 -643 -17 N/A 684 N/A 853 -62 N/A -755 -909 346 -406 869 511 -700 521
-990 -365 673 45 967 820 -657 N/A 248 -403 548 N/A 532 -618 256 -449 -358 N/A -166 -705 348 -471 N/A -184 549 239 558 -127 N/A -875 435 -22 N/A -351 N/A 821 N/A 83 353 756 45 315 600 N/A -965 -69 166 N/A 372 N/A 197 -776 554 -700 495 N/A -227 N/A -442 -705 N/A -691 N/A -57 -435 N/A -579 158 -998 119 N/A 420 N/A -319
890 N/A -464 18 697 -769 539 202 323 N/A 455 -108 -201 736 N/A -930 529 -867 N/A -203 -63 N/A -8 N/A 373 N/A -24 N/A 3 473 970 -620 -884 -351 N/A 691 N/A -794 303 -997 -374 528 N/A 115 0 -757 25 N/A -360 N/A 23 -299 -758 N/A 158 688 644 N/A -404 -662 -566
-503 196 N/A -896 447 N/A 298 -934 -882 468 196 825 -56 874 488 842 N/A -455 N/A 842 N/A -509 428 N/A -79 -966 N/A 930 N/A -454 -672 -893 N/A -102 -360 N/A 507 -893 -64 N/A -574 N/A 495 -938 878 -826 -526 -564 509 764 -583 -578 N/A 832 N/A 802 670 524 104 N/A -440 -839 N/A -470 -565 -934 243 -764 91 -936 N/A 269 532 N/A 379
-971 310 N/A 670 N/A 321 636 143 N/A -156 N/A 448 -678 845 433 863 -906 969 -844 N/A -949 -630 N/A 619 745 -748 N/A 233 N/A -555 36 -573 -594 -861 N/A -611 N/A 705 N/A -94 -237 -277 699 373 -815 N/A -689 -650 -42 500
800 -356 -664 -813 159 -999 N/A -415 672 N/A 762 859 N/A -360 -210 796 -903 -367 -537 N/A 290 -171 -657 N/A 92 183 901 N/A 438 -361 N/A -965 203 N/A 771 N/A -152 -479 N/A -609 -629 N/A 776 -637 107 N/A -724 N/A 319 74 N/A -952 -990 -57 -343 683 N/A 900 -739 N/A 393 -543 -927 564 N/A 515 916 131
-252 142 -913 304 189 N/A 977 -430 -244 675 -914 N/A -237 411 419 N/A -908 N/A -124 398 573 334 -590 842 N/A 728 -991 8 N/A 199 N/A 574 -232 546 N/A 893 N/A -878 -12 N/A -610 -329 35 N/A 507 83 380 N/A 727 N/A 336 N/A -559 963 N/A -210 523 380 566 -111
98 594 N/A -282 -665 566 N/A 195 266 N/A 256 -317 -931 148 -75 N/A -192 104 N/A 120 N/A 393 N/A -924 203 296 629 -754 848 -96
820 568 N/A 537 368 -842 890 N/A -424 N/A 282 N/A 602 -664 -644 -520 805 -121 N/A 128 N/A -786 115 742 -430 509 669 -70 514 -810 N/A 181 N/A 602 -176 -699 -917 -181 549 -13 0 339 N/A 938 N/A -830 491 N/A 191 -385 206 651 N/A -258 N/A 825 N/A 973 -280 319 N/A 520 -755 841 N/A 585 N/A -100 665 935 -165 N/A 458
639 975 N/A -888 331 -22 -126 506 N/A -107 700 N/A -986 N/A 134 N/A -408 -745 N/A -90 -992 758 N/A -990 133 -39 557 N/A -405 599 -391 -391
969 -459 287 -544 775 N/A 143 358 -642 N/A -320 329 -975 143 259 981 N/A -659 83 N/A 29 184 -915 N/A -674 901 -901 N/A 704 N/A 350 N/A 878 N/A 769 62 -303 412 N/A 836 -83
-76 978 N/A -844 -206 -930 874 830 361 N/A -583 -906 N/A -621 914 762 -649 N/A -559 -287 N/A -833 N/A -321 N/A 36 -703 -709 N/A 8 N/A 558 183 469 529 -43 488
749 -182 958 -347 -499 951 N/A 593 N/A 626 -411 N/A 668 N/A -395 N/A -773 N/A -699 -819 -600 N/A 93 32 326 -268 -617 -996 N/A -734 N/A 831 N/A 742 N/A 121 -901 -716 -811 -787 -994 778 -717 -263 -787 726 -604 N/A 264 933
-111 66 N/A -760 -263 714 858 N/A -934 354 N/A 883 276 N/A 65 N/A -159 34 652 963 -741 391 -721 658 N/A 837 797 N/A -771 263 -707 N/A -969 -716 500 N/A 874 -962 N/A 875 826 914 -634 N/A 516
298 N/A 190 N/A 946 558 N/A -16 N/A -186 -448 426 361 981 N/A 946 553 265 N/A 994 N/A 58 -494 -856 606 -207 -323 953 -159 158 N/A -14 -505
-563 635 N/A -626 N/A -577 -517 -407 108 591 64 N/A -8 -61 N/A 25 491 N/A -479 6 N/A 368 -670 -344 819 -721 N/A -306 -977 N/A 465 670 325 -299 601 N/A 286 N/A 894 -568 -798 -234 N/A 259 N/A -975 -184 -906 -370 N/A 271 N/A -137 -992 875 845 -742 -109 -244
755 338 382 240 N/A -22 -232 -954 -261 -552 N/A -895 82 N/A 628 N/A -355 N/A -725 N/A -906 -357 -756 -597 758 367 942 N/A -763 831 336 333 N/A 796 N/A 100 -917 -878 -851 525 636 94 184 605 N/A 987 221 N/A 447 N/A -652 590 457 N/A -920
407 -281 144 943 -769 -862 -741 N/A 368 476 N/A -133 N/A -584 395 -391 N/A 600 N/A 596 -31 N/A -287 -308 928 N/A 157 483 N/A 487 972 N/A 604 -716 -207 412
795 N/A 847 -613 925 -579 -121 N/A 522 N/A -117 -783 -287 N/A -891 -49 -22 993 273 N/A 543 521 N/A -661 594
768 N/A -554 683 -494 -670 N/A -997 42 675 851 203 279 -820 -949 765 N/A 259 N/A 121 73 -100 -200 -50 636 -665 N/A -830 N/A 43 N/A 614 -626 347 878 -494 -181 739 N/A 758 N/A -411 737 872 444 N/A 581 460 N/A 475 N/A -952 N/A -867 -873 N/A -429 -96 -793 N/A 416 N/A -246 871
-240 N/A 523 -544 -850 -348 -710 N/A 118 N/A 776 -493 -128 944 -649 792 775 N/A 286 636 550 907 -838 -835 -191 N/A -912 254 -77 N/A -996 526 N/A -181 -670 N/A -631 N/A 498 N/A 435 N/A -483 -873 262 -124 N/A -905 N/A -931 -641 -485 903 N/A 356 -627 653 N/A -228 458 N/A -990 535 96 -338 -668 475 N/A -246 -527
-505 -164 N/A 592 241 N/A 220 192 N/A -531 -136 N/A -522 -789 -879 -520 -651 N/A -979 -598 N/A 900 -458 -642 N/A -795 N/A 727 N/A 123 371 903 429 N/A -331 -773 N/A -39 -942 -487 -484 N/A -345 N/A -462 -116 969 406 876 160 -630 -619 474 N/A -445 71 -203 N/A 650 -698 -157 -841 N/A 977
-747 N/A -372 98 N/A 754 725 460 -685 674 246 741 283 397 N/A -773 669 181 909 -647 -393 -528 -372 404 N/A -879 N/A 59 -290 N/A 560 N/A 232 153 -188 N/A 61 N/A -756 N/A -129
-923 581 -213 N/A 428 -493 51 N/A 623 906 966 N/A -583 -244 -4 -526 N/A -529 N/A 328 -562 823 -658 581 573 N/A 253 730 -963 -447 195 N/A 612 408 N/A -831 N/A 82 -63 N/A 256 -114
-634 51 -641 202 N/A -848 758 -420 898 -736 N/A -493 N/A 537 -416 N/A -927 N/A 539 -326 N/A 225 514 -292 611 N/A 892 N/A -494 276 -661 200 N/A -328 370 154 857 -965
961 N/A -632 -504 231 N/A -250 569 814 -473 546 325 N/A 970 N/A 579 N/A 486 477 264 -807 86 -420 831 N/A -434 -488 N/A -274 N/A 785 -84 N/A 877 -137 N/A -84 55 493 159 N/A -293 -565 -755 -539 261 N/A 240 -948 393 767 N/A 650 -901 N/A -85 -907 10 N/A -951 46 -437 98 N/A 984 302 -869 -70 127 408 N/A 548 N/A 198
-678 -893 -479 474 -215 -850 N/A 879 526 -863 N/A -410 966 -665 N/A -780 N/A 889 N/A 899 N/A 363 274 999 N/A -714 662 N/A 752 -325 -170 753 -143 908 987 164 N/A 356 546 524 N/A 68 -540 N/A -688 291 N/A 908 648 95 N/A -953 N/A -939 341 784
360 N/A -990 N/A -17 -911 -389 855 749 N/A 156 -604 -71 N/A -808 301 -87 616 N/A 116 118 N/A -338 N/A -819 -755 -385 N/A 182 -535 390 -866 N/A -373 454 871 481 401 N/A -633 480 -327 N/A -519 549 67 N/A 291 412 N/A 566 N/A 460 -465 N/A -626 83 -103 -342 409 N/A -863 316 -442 -82 -279 N/A -257 N/A 470 -355 990 -123 -192 -808
-948 N/A -861 -548 N/A -348 906 494 N/A 960 -981 N/A 100 -438 596 990 N/A -952 27 718 N/A -56 N/A 654 251 -899 -944 N/A 243 -750 -452 25 393 N/A -674 -696 -736 N/A -109 -262 -417 912 N/A -14 N/A 131 N/A -384 341 -616 -103 979 605 -236 -663 556 165 N/A -8 N/A 638 603 54 -963 N/A 849
-907 -628 -181 948 132 14 N/A 743 518 373 N/A 596 -452 N/A -910 571 -144 -254 -631 N/A -322 514 N/A 249 -508 454 N/A 556 -687 -542 -989 -372 479 929 N/A -788 -493 N/A 948 N/A -254 661 -320 -709 N/A -312 -854 900 847 -97 -675 N/A 152 -515 N/A 43 N/A -640 N/A 359 -174 N/A 748 N/A 725 -257 N/A 848 401
-892 N/A 186 134 983 N/A -849 N/A 880 132 -673 N/A -130 -657 387 -159 156 -638 -525 -137 991 422 N/A -909 -230 947 N/A -225 N/A -229 284 622 612 59 760 N/A 731 839 -25 325 514 N/A -853 80 375 N/A -309 -43 -765 567 N/A -207 889 312 -603 N/A 170 N/A -897 -930 N/A 88 -922 N/A 131 N/A 907 N/A -12
90 -29 N/A 2 N/A 899 -470 N/A -726 674 N/A -808 965 N/A -170 -389 N/A 913 752 676 474 N/A 429 651 -498 N/A -989 270 662 N/A 527 692 -963 930 353 N/A 738 127 355 N/A -139 -852 383 -387 822 612
-21 887 N/A -815 N/A 485 975 N/A 46 201 N/A -988 339 824 N/A 915 -155 N/A 261 -963 745 -231 -871 N/A 355 942 -705 -675 N/A -85 -305 -714 -64 N/A -863 -559 -504 -396 280 907 -727 -184 355 N/A 77 N/A -134 -708 N/A 81 N/A -695
902 N/A -41 -802 -96 N/A -560 -168 677 N/A 459 -705 N/A 337 -368 -27 53 N/A 826 -895 -890 -119 661 N/A -932 477 N/A -514 -136 121 -299 -460 N/A -655 571 651 N/A 37 N/A -52 -645 -86 N/A 604 117 N/A 626 -717 N/A 951 820 404 -706 -53 N/A -903
599 214 483 N/A -666 -85 N/A 615 -901 413 -863 N/A 374 600 312 N/A 708 717 -694 140 40 N/A 749 -551 N/A -909 16 -772 -129 -928 82 N/A -759 -642 -860 716 N/A 305 N/A -356 N/A 480 249 -512 356 N/A 781 619 -330 -268 -563 N/A 154 775 496 N/A 583 -804 -656 608 -21 45 N/A -338 N/A -718 23 N/A 717 -500 N/A -52 N/A 940
-448 N/A -555 707 766 -253 N/A 914 -507 374 375 703 N/A 483 N/A 674 4 104 -493 -898 -491 -96 572 -621 -133 N/A -654 508 N/A 359 856 N/A 188 -961 812 -744 210 N/A 768 719 359 N/A 965 -291 -574 N/A 493 N/A -228 N/A 953 N/A 872 -535 374 N/A -682 -246 N/A 45 868 -828 648
-666 371 -410 -402 155 724 -89 N/A -279 -732 N/A 423 N/A -928 284 403 208 -194 578 N/A 378 N/A -699 -193 N/A 46
-928 N/A 917 84 -545 N/A 749 725 N/A 559 848 N/A -431 -269 -158 N/A -80 N/A 902 412 766 N/A -872 369 -411 N/A 223 -900 -753 -81 692 429 N/A -744 71 -7 966 673 N/A -856 126 N/A -255 532 263 -801 -536 N/A 887 N/A -346 -402 927 -177 N/A -470 -709 N/A 374 -133 -607 -902 N/A 526 572
-828 N/A -572 N/A 44 196 N/A -619 -730 -766 N/A 236 -63 48 802 -108 -3 N/A 80 225 -819 -376 N/A 92 85 -916 -156 122 -256 N/A 683 314 N/A 311 318 -774 -422 N/A 925
-103 N/A -143 -738 468 -536 287 850 N/A 760 N/A 797 431 315 143 N/A -332 367 814 N/A 168 N/A -887 N/A -162 -708 -716 429 N/A 47 920 180 780 988 N/A -636 -990 N/A -750 301 -284 114 N/A 579 481 -173 886 N/A 844 N/A 68 370 N/A -585 N/A -910 -879 -345 316 679 -642 690
986 N/A -74 296 N/A -979 N/A 849 786 329 N/A 323 -613 N/A -99 160 753 239 N/A 183 523 81 N/A 874 379 -534 N/A -901 -693 -413 -801 501 537 875 N/A 271 -691 N/A 754 513 -134 -312 N/A -330 270 N/A -46 -503 572 448 N/A -689 596 334 N/A -62 63 -559 -601 652 890 N/A 124 -659 N/A 450 -492 N/A -435 N/A 137 882
-861 -861 -45 757 266 232 536 N/A 77 330 -505 -265 N/A -850 594 -189 N/A 246 N/A 386 -77 -479 N/A -84 N/A -371 N/A -417 -553 334 498 -513 N/A 228 407
940 -298 201 N/A -905 -511 N/A 506 879 N/A -28 701 -981 -876 N/A -863 -726 -445 322 N/A -45 -531 -363 N/A -173 386 N/A -302 635 N/A -332 133
288 451 N/A -535 -756 968 -730 -449 123 -10 -229 N/A 347 N/A 905 N/A 854 N/A -283 -26 215 N/A -405 147 N/A -311 -213 -16 -564 -780 N/A 56 N/A 983 -392 774 N/A -157 479 -1 N/A 649 -996 957 -141
808 -896 N/A -168 N/A 224 -911 -955 -168 N/A 451 -5 990 N/A 621 -433 -716 614 69 806 N/A 5 N/A -427 N/A 626 509 -14 569 80
287 N/A -568 N/A 164 -577 235 -668 253 -104 -823 N/A 161 829 N/A -223 427 396 N/A 593 N/A -858 -416 -596 N/A 531 -612 N/A -328 -761 -590 -714 N/A -414 -574 14 184 995 51 N/A 229 N/A -302 -976 N/A -181 148 361 18
144 N/A -43 -553 -378 906 N/A -715 -296 690 N/A 716 N/A 617 598 N/A 888 77 -496 -273 936 387 N/A 91 -569 N/A -531 N/A 717 -748 -257 N/A -388 945 N/A 490 N/A 887 -170 N/A -18 8 635 995 N/A -244 -896 -329 -597 N/A -394 -686 516 -12 -263 336 -328 -906 -756 N/A -941 -257 398 -424 -320 N/A -776
81 N/A -752 N/A 76 N/A 924 -520 -98 N/A -440 -455 796 N/A -755 -916 799 -560 -287 520 491 709 -467 N/A -565
-986 -34 399 -82 -557 -299 36 790 260 N/A 676 788 N/A 666 N/A 956 253 N/A -434 469 -930 -68 N/A 881 N/A 444 N/A -227 N/A -588 -768 -504
-105 70 3 N/A 173 N/A -577 N/A 200 -538 N/A 540 278 N/A 66 N/A 934 244 N/A -90 286 -611 N/A -456 -89 -899 796 N/A -661 -5 893 -317 -867 982 829 -330 918 -159 N/A -39 -821 -114 -227
283 741 -1 635 N/A 576 N/A 208 -767 -983 82 N/A 994 -347 N/A -406 -309 N/A 624 893 N/A 771 672 N/A -794 328 -444 274 -678 -120 714 N/A -331 797 N/A 603 960
-423 224 716 713 N/A -123 N/A -667 -256 621 -261 N/A 962 648 N/A 649 -379 914 N/A -880 158 537 351 N/A 204 326 17 N/A -603 205 N/A 51 N/A 108 N/A -17 -152 202 -54 573 N/A 313 -981 -552 -355 284 661 N/A 750 -974 -948 -868 N/A -82 N/A 287 -490 -835 350 N/A -584 60
-234 -756 N/A -19 -426 N/A 106 -488 N/A 535 -896 975 324 55 920 160 -159 -164 N/A 993 210 -677 N/A 706 -390 43 -42 -77 N/A -367 -491 836 N/A 890 N/A -851 N/A -312 N/A -572 N/A 727 -54 -966 200 901 -408 N/A -284 769
775 -683 788 -248 N/A -566 N/A -151 928 -666 N/A -452 N/A -777 671 747 -364 -450 65 -801 -284 N/A 99 -712 N/A 212 -409 N/A 944
-953 287 -125 N/A -730 449 -805 N/A 55 N/A -789 N/A -273 -183 N/A -926 N/A 101 N/A -694 594 187 825 439 -628 N/A -42 N/A -937 N/A 474 718 -805 759 896 858 173 -547 205 985 -210 N/A -314 880 992 977 N/A 450
-208 -101 -767 652 N/A -980 -466 N/A -206 372 -263 N/A 103 326 -32 960 -122 362 -512 N/A -870 30 N/A -886 N/A 144
448 -298 N/A 217 N/A -820 -135 -224 N/A -1000 N/A -273 -899 673 -255 N/A 413 395 770 N/A 533 N/A -172 -906 355 -339 -883 N/A -569 554 N/A 701 269 688 503 413 -351 N/A -438 N/A 731 666 35 -600 N/A -662 832 -484 870 21 -410
376 N/A 54 -870 N/A -21 -386 597 N/A -694 -261 N/A 277 N/A 870 278 129 909 -664 -872 712 N/A -347 -150 -768 979
859 -553 N/A -748 -503 N/A -953 N/A -495 -929 91 890 818 510 N/A 271 N/A 54 -333 N/A -5 N/A -503 -40 N/A -748 -697 N/A -192 -949 626 N/A -238 -211 420 -282 -6 N/A 385 985 878 -464 -943 -310 -993 -642 737 N/A -65 633 N/A 207 -441 -163 284 N/A 827 716
156 554 -660 678 -822 N/A 853 N/A 256 -410 -870 637 40 -554 N/A -292 N/A -550 N/A 563 N/A 54 160 660 N/A -420 947 N/A 306 N/A -694 -584 -204 295 582 888 239 -62 -336 331 -480 597 129 -440 N/A -421 N/A -115 -427 N/A -781 -696 N/A -5 N/A -392
853 -231 N/A -618 -993 -813 N/A 95 N/A -714 314 198 -920 N/A 566 -545 -569 -874 N/A -727 -221 N/A 254 -812 N/A -733 623 N/A 343 -248 -547 N/A 274 N/A 546 243 635 N/A -72 N/A -329 -750 80 -777 -18 N/A 937 -443 417 912 N/A -472 -510 -752 -48 778 -780