-503.8888888888889
-508.3333333333333
-494.14285714285717
-546.5
-691.4
-503.6
-448.0
-452.7647058823529
-642.5
-509.6
-503.8
-746.6923076923077
-501.3636363636364
-472.9
-467.1818181818182
-563.8
-609.0
-571.0
-493.0
-497
-363.6
-294.75
-597.0
-499.6666666666667
-646.0666666666667
-445.0
-259.0
-485.1666666666667
-635.6666666666666
-333.22222222222223
-469.0
-681.6
-568.6
-553.3157894736842
-607.5714285714286
-560.5555555555555
-668.3333333333334
-541.25
-590.4
-401.3478260869565
-561.4444444444445
-568.5
-453.3
-423.2857142857143
-508.875
-459.90909090909093
-531.2222222222222
-484
-315
-356.73333333333335
-353.8
-404.75
-539.4705882352941
-428
-535.2222222222222
-256.27272727272725
-490.3333333333333
-482.6666666666667
-444
-466.3333333333333
-361
-391.14285714285717
-399.85714285714283
-423.14285714285717
-377.2857142857143
-541.0
-540.3846153846154
-438.6
-481.6666666666667
-209.66666666666666
-523.8235294117648
-370.42857142857144
-533.1428571428571
